for n in 2 4 8 16 32; do
echo "=== ajax${n} ==="
./nori ../scenes/a1/ajax${n}-normals.xml --no-gui
echo ""
done
=== ajax2 ===
Loading "../scenes/a1/ajax2.obj" .. done. (V=813633, F=272282, took 1.1s and 27.9 MiB)
BVH Statistics:
Build time: 235.482 ms
Triangle count: 272282
Interior nodes: 39407
Leaf nodes: 39408
Avg triangles per leaf: 6.90931
Bytes per node: 32
Total nodes: 78815

Configuration: Scene[
integrator = NormalIntegrator[],
sampler = Independent[sampleCount=32]
camera = PerspectiveCamera[
cameraToWorld = [ -0.5356, 0.2999, 0.7894, -65.61;
1.353e-05, 0.9348, -0.3551, 47.58;
-0.8445, -0.1902, -0.5007, 24.36;
0, 0, 0, 1],
outputSize = [768, 768],
fov = 30.000000,
clip = [0.000100, 10000.000000],
rfilter = GaussianFilter[radius=2.000000, stddev=0.500000]
],
meshes = {
Mesh[
name = "../scenes/a1/ajax2.obj",
vertexCount = 813633,
triangleCount = 272282,
bsdf = Diffuse[
albedo = [0.500000, 0.500000, 0.500000]
],
emitter = null
]
}
]

Rendering .. done. (took 2.0s)
Writing a 768x768 OpenEXR file to "../scenes/a1/ajax2-normals"
Writing a 768x768 PNG file to "../scenes/a1/ajax2-normals"

=== ajax4 ===
Loading "../scenes/a1/ajax4.obj" .. done. (V=68072, F=136140, took 301.0ms and 3.6 MiB)
BVH Statistics:
Build time: 132.048 ms
Triangle count: 136140
Interior nodes: 19766
Leaf nodes: 19767
Avg triangles per leaf: 6.88724
Bytes per node: 32
Total nodes: 39533

Configuration: Scene[
integrator = NormalIntegrator[],
sampler = Independent[sampleCount=32]
camera = PerspectiveCamera[
cameraToWorld = [ -0.5356, 0.2999, 0.7894, -65.61;
1.353e-05, 0.9348, -0.3551, 47.58;
-0.8445, -0.1902, -0.5007, 24.36;
0, 0, 0, 1],
outputSize = [768, 768],
fov = 30.000000,
clip = [0.000100, 10000.000000],
rfilter = GaussianFilter[radius=2.000000, stddev=0.500000]
],
meshes = {
Mesh[
name = "../scenes/a1/ajax4.obj",
vertexCount = 68072,
triangleCount = 136140,
bsdf = Diffuse[
albedo = [0.500000, 0.500000, 0.500000]
],
emitter = null
]
}
]

Rendering .. done. (took 2.3s)
Writing a 768x768 OpenEXR file to "../scenes/a1/ajax4-normals"
Writing a 768x768 PNG file to "../scenes/a1/ajax4-normals"

=== ajax8 ===
Loading "../scenes/a1/ajax8.obj" .. done. (V=34037, F=68070, took 144.0ms and 1.8 MiB)
BVH Statistics:
Build time: 55.594 ms
Triangle count: 68070
Interior nodes: 9956
Leaf nodes: 9957
Avg triangles per leaf: 6.8364
Bytes per node: 32
Total nodes: 19913

Configuration: Scene[
integrator = NormalIntegrator[],
sampler = Independent[sampleCount=32]
camera = PerspectiveCamera[
cameraToWorld = [ -0.5356, 0.2999, 0.7894, -65.61;
1.353e-05, 0.9348, -0.3551, 47.58;
-0.8445, -0.1902, -0.5007, 24.36;
0, 0, 0, 1],
outputSize = [768, 768],
fov = 30.000000,
clip = [0.000100, 10000.000000],
rfilter = GaussianFilter[radius=2.000000, stddev=0.500000]
],
meshes = {
Mesh[
name = "../scenes/a1/ajax8.obj",
vertexCount = 34037,
triangleCount = 68070,
bsdf = Diffuse[
albedo = [0.500000, 0.500000, 0.500000]
],
emitter = null
]
}
]

Rendering .. done. (took 2.0s)
Writing a 768x768 OpenEXR file to "../scenes/a1/ajax8-normals"
Writing a 768x768 PNG file to "../scenes/a1/ajax8-normals"

=== ajax16 ===
Loading "../scenes/a1/ajax16.obj" .. done. (V=16338, F=32672, took 66.0ms and 893.4 KiB)
BVH Statistics:
Build time: 39.2086 ms
Triangle count: 32672
Interior nodes: 4795
Leaf nodes: 4796
Avg triangles per leaf: 6.81234
Bytes per node: 32
Total nodes: 9591

Configuration: Scene[
integrator = NormalIntegrator[],
sampler = Independent[sampleCount=32]
camera = PerspectiveCamera[
cameraToWorld = [ -0.5356, 0.2999, 0.7894, -65.61;
1.353e-05, 0.9348, -0.3551, 47.58;
-0.8445, -0.1902, -0.5007, 24.36;
0, 0, 0, 1],
outputSize = [768, 768],
fov = 30.000000,
clip = [0.000100, 10000.000000],
rfilter = GaussianFilter[radius=2.000000, stddev=0.500000]
],
meshes = {
Mesh[
name = "../scenes/a1/ajax16.obj",
vertexCount = 16338,
triangleCount = 32672,
bsdf = Diffuse[
albedo = [0.500000, 0.500000, 0.500000]
],
emitter = null
]
}
]

Rendering .. done. (took 2.1s)
Writing a 768x768 OpenEXR file to "../scenes/a1/ajax16-normals"
Writing a 768x768 PNG file to "../scenes/a1/ajax16-normals"

=== ajax32 ===
Loading "../scenes/a1/ajax32.obj" .. done. (V=8170, F=16336, took 30.0ms and 446.8 KiB)
BVH Statistics:
Build time: 10.5459 ms
Triangle count: 16336
Interior nodes: 2389
Leaf nodes: 2390
Avg triangles per leaf: 6.83515
Bytes per node: 32
Total nodes: 4779

Configuration: Scene[
integrator = NormalIntegrator[],
sampler = Independent[sampleCount=32]
camera = PerspectiveCamera[
cameraToWorld = [ -0.5356, 0.2999, 0.7894, -65.61;
1.353e-05, 0.9348, -0.3551, 47.58;
-0.8445, -0.1902, -0.5007, 24.36;
0, 0, 0, 1],
outputSize = [768, 768],
fov = 30.000000,
clip = [0.000100, 10000.000000],
rfilter = GaussianFilter[radius=2.000000, stddev=0.500000]
],
meshes = {
Mesh[
name = "../scenes/a1/ajax32.obj",
vertexCount = 8170,
triangleCount = 16336,
bsdf = Diffuse[
albedo = [0.500000, 0.500000, 0.500000]
],
emitter = null
]
}
]

Rendering .. done. (took 2.3s)
Writing a 768x768 OpenEXR file to "../scenes/a1/ajax32-normals"
Writing a 768x768 PNG file to "../scenes/a1/ajax32-normals"